Rforest NULL 0 12.6139821768 0.959598563611 0.931280091156 0.945221598411 0.945902777778 0.945942442027 0.278404766798 0.00349008572776 0.00358320803628 0.00267491328645 0.00266453184223 0.00265860550283
Rforest PCA 1 14.250017786 0.602806316089 0.601135849391 0.601938847238 0.601583333333 0.601557142549 0.137803228332 0.00569144724719 0.00881264669882 0.00603811579366 0.00459224722417 0.00460787704622
Rforest PCA 2 12.9078952074 0.79014500565 0.783602095279 0.786842997321 0.787236111111 0.787256498733 0.159608800168 0.00428190965544 0.00480448994514 0.00271806520505 0.00193494704365 0.0019416043669
Rforest PCA 3 11.9865243196 0.85342612358 0.820913495189 0.836833682003 0.839569444444 0.839625320605 0.145921164385 0.0042701958508 0.00645344069199 0.00369387239843 0.0035243038451 0.00346699680388
Rforest PCA 4 11.344744277 0.908985564511 0.863185732873 0.885478340195 0.888097222222 0.888171823614 0.144986517964 0.0032500334634 0.00597462332985 0.00322728941498 0.00333683265395 0.00322658539909
Rforest PCA 5 11.0576284885 0.926440540981 0.881148485505 0.903210575411 0.905347222222 0.905422451997 0.100363368124 0.00380376982251 0.00628058707325 0.00360485442524 0.00374909968616 0.00364075427568
Rforest PCA 10 10.9045547485 0.93553061875 0.906378020395 0.920716369136 0.921763888889 0.921807002279 0.0786758382904 0.00229867022816 0.00481276960319 0.00282115917086 0.00292989724043 0.00286952499183
Rforest PCA 20 10.9710954189 0.939922847828 0.914159056746 0.926854700025 0.927680555556 0.927718383954 0.164473913799 0.00431778323081 0.00289808633772 0.00256432712399 0.00273794354882 0.00270521518676
Rforest PCA 40 11.3965987921 0.944998483611 0.919757816575 0.932200732036 0.932944444444 0.932984006534 0.22697172673 0.00434593466015 0.00349818612838 0.00304892341613 0.00312842405007 0.00310899074843
Rforest PCA 60 12.0089097023 0.945032841909 0.924049266224 0.934415594601 0.934986111111 0.935015577372 0.416266860733 0.00463533198152 0.00392258226845 0.00334986340349 0.0034238012681 0.00340205587291
Rforest PCA 80 12.152380991 0.94636194937 0.92731618811 0.936734784232 0.937222222222 0.937250607671 0.0715279917806 0.00475857548091 0.0034668341641 0.00319209238626 0.00321371002095 0.00321513916706
Rforest PCA 100 12.1907292843 0.949477635751 0.930061999565 0.939663361376 0.940138888889 0.940170325866 0.16841241362 0.00428822306061 0.00320096502533 0.00289985542083 0.00290540152555 0.00290540653989
Rforest ICA 1 5.4816079855 0.658500527767 0.274600990701 0.38749399094 0.565069444444 0.565732320001 0.106895333373 0.00939999210528 0.0092124371648 0.00982676672577 0.00426244094127 0.00401580930285
Rforest ICA 2 6.21729388237 0.768441112882 0.295511459912 0.426704166043 0.602236111111 0.602949000142 0.122969916093 0.00752817400776 0.010841171497 0.0105679162002 0.00359045910782 0.00287857225606
Rforest ICA 3 10.1391706228 0.778027646479 0.596335745062 0.675129310424 0.712388888889 0.71268171906 0.273564245201 0.00755316617135 0.00723598710753 0.00529997433023 0.00452777777778 0.00435696397888
Rforest ICA 4 9.43103907108 0.936024426302 0.726559400554 0.818073543568 0.838055555556 0.838337935471 0.144510871382 0.00329308262272 0.00654211931273 0.00388386666739 0.00328671099061 0.00295137317449
Rforest ICA 5 10.2955316067 0.954701228624 0.746426666543 0.837805005953 0.855152777778 0.85542509683 0.204992651952 0.00489892000548 0.00489267182368 0.00416857496347 0.00395989248046 0.00367705353835
Rforest ICA 10 10.0533309698 0.951737270741 0.89702100425 0.923559039147 0.925583333333 0.925647000776 0.0497215342327 0.00352581421019 0.00515664687677 0.00325049705625 0.00315115597053 0.0031138990457
Rforest ICA 20 10.2296542168 0.960509381722 0.905780914337 0.932337833348 0.934111111111 0.934178354143 0.127635326873 0.0028553165866 0.00370915809407 0.00259451209789 0.00254451115876 0.00250362535077
Rforest ICA 40 10.6480690479 0.966134932572 0.905227781932 0.93468521833 0.936597222222 0.936674016448 0.305652656994 0.00279964467172 0.00399181999399 0.00277537305571 0.00266235907875 0.00262972449431
Rforest ICA 60 11.052342248 0.96419465733 0.909133232107 0.935851781392 0.937541666667 0.937612584079 0.396531050106 0.00308733575542 0.00398499561302 0.0032000019077 0.00302959298289 0.00303652655587
Rforest ICA 80 10.9200747967 0.96764935997 0.908772000404 0.937282127903 0.939055555556 0.939131284762 0.159631159058 0.00323990627236 0.00504375962556 0.00376755961271 0.00353924208947 0.00355432675116
Rforest ICA 100 10.8492372274 0.96871958933 0.908992894798 0.937901592549 0.939680555556 0.939756040145 0.161375176751 0.00298206482828 0.00421764289113 0.00305588144752 0.00285858167585 0.00287709709549
Nbayes NULL 0 0.665391778946 0.990304257788 0.0629149217647 0.118137537439 0.530041666667 0.531151381271 0.0334530801681 0.00536558450999 0.0103338770199 0.0180774340111 0.00639614624039 0.00514629959681
Nbayes PCA 1 0.0429270982742 0.506951975268 0.989450249192 0.670404437914 0.512416666667 0.511291726227 0.00110696189356 0.00321162146331 0.00158785654444 0.0025628698449 0.00284515507616 0.00112944859214
Nbayes PCA 2 0.0492407083511 0.941094144211 0.112885676561 0.0959316755501 0.507097222222 0.508289417537 0.00155011947436 0.146032889262 0.288956819039 0.190130859745 0.00428689954583 0.00138441120453
Nbayes PCA 3 0.0513163566589 0.506441495293 0.973328118119 0.666215101843 0.511222222222 0.510138419948 0.00130257617591 0.00317401151212 0.00630609409869 0.00276683701155 0.00271370549818 0.00131844485413
Nbayes PCA 4 0.0538082122803 0.9473019381 0.142084419753 0.152225346034 0.522152777778 0.523305340091 0.00167492034315 0.147757994425 0.275899091517 0.170523009375 0.00635687935417 0.00527530617002
Nbayes PCA 5 0.0551846027374 0.997128075117 0.0455987522313 0.0871668132202 0.521597222222 0.522729880114 0.00146077498724 0.00288994069323 0.00485725612335 0.00889314278075 0.00475123846753 0.0023898929153
Nbayes PCA 10 0.0645659685135 0.991643472573 0.0677356021325 0.126757366778 0.532472222222 0.533575904559 0.00138694448446 0.00447771810147 0.00547171556158 0.00958035871833 0.00452351537612 0.00265929756847
Nbayes PCA 20 0.0852073907852 0.986184146172 0.074275216358 0.138065321253 0.535513888889 0.53660890501 0.00163701664677 0.00569203036714 0.00691065772244 0.0118850243766 0.00493165089555 0.00334921563567
Nbayes PCA 40 0.123848557472 0.982770205468 0.0901187779825 0.16499750651 0.543208333333 0.544281129906 0.00290157007452 0.00672193755244 0.00831004637741 0.0140262382059 0.00512402128565 0.00424768861156
Nbayes PCA 60 0.160811161995 0.991343744276 0.0890127018722 0.163249800576 0.543041666667 0.544116969846 0.00257770380513 0.00432676969841 0.00832260229122 0.0140630659273 0.00523574269261 0.00415014971974
Nbayes PCA 80 0.206770396233 0.99120384176 0.0877645736099 0.161140536686 0.542416666667 0.543492905714 0.00487107407565 0.00441393212573 0.00844724543762 0.0142959189202 0.0052474273532 0.00421951721031
Nbayes PCA 100 0.242390561104 0.991153895263 0.0872938052207 0.160344850713 0.542180555556 0.54325752152 0.00483077233085 0.00444492889753 0.00844820789098 0.0143080162173 0.00526425533758 0.00422113650451
Nbayes ICA 1 0.0428692102432 0.506951975268 0.989450249192 0.670404437914 0.512416666667 0.511291726227 0.00146280605508 0.00321162146331 0.00158785654444 0.0025628698449 0.00284515507616 0.00112944859214
Nbayes ICA 2 0.0488829612732 0.945810022297 0.108367885309 0.0858675654684 0.504069444444 0.505266915996 0.00128641592155 0.148221205278 0.292493510249 0.193136563014 0.00392348205294 0.00102834042908
Nbayes ICA 3 0.0512971878052 0.503006172396 0.992099517501 0.667546007742 0.504763888889 0.50360914413 0.00141209459819 0.00362594592152 0.00323169520732 0.0033745891657 0.00372991017831 0.00101300245612
Nbayes ICA 4 0.0531300544739 0.975286965087 0.139962805056 0.244698337093 0.567180555556 0.568200991258 0.00160490165229 0.00605237801761 0.00840624238079 0.0128063509224 0.0056204714281 0.00414148951557
Nbayes ICA 5 0.0556056976318 0.991437539075 0.153200681728 0.265266133272 0.574902777778 0.57591786954 0.00143805150999 0.0054057491484 0.00929568019133 0.0138455103555 0.00655668834375 0.0043897715243
Nbayes ICA 10 0.0655262470245 0.988895765138 0.202311109705 0.335846736962 0.599055555556 0.60000074838 0.0022573486833 0.00566274743149 0.00611271907813 0.00823626934172 0.00433360041912 0.00268209593385
Nbayes ICA 20 0.0859380722046 0.980835385173 0.235153307279 0.37931950995 0.614361111111 0.61526520302 0.00266914837902 0.00437437858274 0.00577012992406 0.00754555644646 0.00459560646329 0.00288589040511
Nbayes ICA 40 0.126140594482 0.98189910704 0.384069697021 0.551941640266 0.687777777778 0.688469772839 0.00318161305598 0.0033551596061 0.0169838676213 0.0171553585328 0.00769123478985 0.0082586428084
Nbayes ICA 60 0.16221716404 0.981433124392 0.439840845988 0.607027174491 0.715083333333 0.715729193362 0.00216463774003 0.00167306213337 0.0251320079227 0.0229754672126 0.0122258832901 0.0121557483163
Nbayes ICA 80 0.208564066887 0.99241404 0.62695770705 0.768395871661 0.810625 0.811070654342 0.00870730210872 0.00157593897588 0.0105562057001 0.0078269140933 0.00574914446131 0.00523837897343
Nbayes ICA 100 0.238491678238 0.989033523099 0.679260657124 0.805354241443 0.835472222222 0.835843140209 0.00484835578741 0.00188078372279 0.00853088091808 0.00587795054256 0.00436747589335 0.00413883769231
Knn NULL 0 1.08195879459 0.877708036443 0.723331045107 0.79304559796 0.810819444444 0.811027387478 0.0213328483941 0.00490480655166 0.00945324449436 0.00657408421756 0.00558376518507 0.00537936085044
Knn PCA 1 0.138215494156 0.653445727872 0.632948901421 0.643012987326 0.647805555556 0.647842775588 0.0106147806951 0.00583173512118 0.00748153930779 0.00567885726393 0.00453203617062 0.00453172510285
Knn PCA 2 0.143982791901 0.701768840231 0.662967499237 0.681781750796 0.689847222222 0.689914924736 0.00972353651049 0.00614925509206 0.00588304947551 0.00351317025137 0.00353414233401 0.00352935428596
Knn PCA 3 0.148716211319 0.694363874571 0.649721251307 0.671255560304 0.681083333333 0.68118479081 0.0107921278059 0.00577333800355 0.00838668379067 0.00476643975456 0.00416333199893 0.00413506559597
Knn PCA 4 0.144372701645 0.706062348572 0.649525080555 0.676571125861 0.688791666667 0.688909550381 0.0120652906499 0.00584832715105 0.00750403029856 0.00417557673821 0.00386403266767 0.00379290422887
Knn PCA 5 0.15104970932 0.709614474631 0.64481136314 0.675610989131 0.689694444444 0.689828829378 0.0117728057894 0.00695052154166 0.00767474257833 0.00442650686554 0.0039877319585 0.00398867267997
Knn PCA 10 0.158942365646 0.753727107076 0.683417129271 0.716815016107 0.729402777778 0.729518504528 0.00854948953461 0.00547054899933 0.00725331959019 0.00405398635835 0.00276807332603 0.00283173509146
Knn PCA 20 0.205610823631 0.763132951203 0.694118688605 0.726964283325 0.738708333333 0.738817762408 0.0117088940181 0.00723514461829 0.00863047917651 0.00673909629458 0.00611554447774 0.00607994857898
Knn PCA 40 0.299443531036 0.81598636423 0.740051980702 0.776128187963 0.786041666667 0.78615615825 0.0244987467854 0.006123246636 0.00843645544598 0.00529334794232 0.00516444471338 0.00499468049062
Knn PCA 60 0.353554773331 0.839586618217 0.761253881225 0.798476910119 0.807430555556 0.807532902816 0.0111322035449 0.00612536439928 0.00693439756267 0.00474068201858 0.00437058860488 0.00433579828322
Knn PCA 80 0.454884004593 0.844913032361 0.759179127302 0.799728787901 0.809444444444 0.809558778048 0.00987715659183 0.00642962792182 0.00690343034606 0.00494518053138 0.0046526741282 0.00459744993388
Knn PCA 100 0.516232156754 0.850395520103 0.754914852529 0.799786637933 0.810583333333 0.810711022511 0.0287776039057 0.00657115989891 0.0074814149422 0.00528931992301 0.00499374608886 0.00490523566539
Knn ICA 1 0.133280873299 0.653325035529 0.632613545263 0.642782542042 0.647638888889 0.64767439687 0.00763027080946 0.00583605740157 0.00743189284663 0.00571015805907 0.00451249978626 0.00451462340941
Knn ICA 2 0.0889314889908 0.754784779022 0.732434372218 0.743414364042 0.746611111111 0.746667622813 0.00390058641729 0.00751447118234 0.00628490619347 0.00524758052688 0.00543131921314 0.00541718066465
Knn ICA 3 0.084769487381 0.804758031521 0.776037623998 0.790123322545 0.793388888889 0.793433633644 0.00201623226524 0.00558675014799 0.00666861083798 0.00525248368792 0.00504883558266 0.005027196525
Knn ICA 4 0.0983994007111 0.847137246858 0.814133417518 0.830289889961 0.833208333333 0.833263189692 0.00522438150086 0.0038008994714 0.00817329022552 0.00526346809225 0.00517608535168 0.00509254862079
Knn ICA 5 0.10356054306 0.866520910469 0.832730822655 0.84926107535 0.851861111111 0.851927355062 0.00388008748553 0.00474533257618 0.00840021937769 0.00487267061318 0.00458636263527 0.00453062176177
Knn ICA 10 0.106994891167 0.911390641741 0.890143303866 0.900632332828 0.901555555556 0.901595893066 0.00754345529481 0.00326650679203 0.00445315586037 0.00264616294921 0.00281694607424 0.00277524304424
Knn ICA 20 0.154831838608 0.92113951384 0.901002501049 0.910950635325 0.911708333333 0.911741062873 0.00437765440058 0.0041124681459 0.0043293538275 0.00309788496451 0.00333394091685 0.00330019479582
Knn ICA 40 0.237707304955 0.928447837824 0.911500825693 0.9198867374 0.920430555556 0.920464433566 0.00724874771072 0.00442945743139 0.00383738751196 0.00288697434067 0.00290038444663 0.00289780946865
Knn ICA 60 0.290468716621 0.935337673366 0.917370568299 0.926259370329 0.926791666667 0.926819814108 0.00757540097879 0.00465088891936 0.00315560590785 0.00292197398198 0.00301964376323 0.00301822426134
Knn ICA 80 0.403320932388 0.936289457186 0.919120725527 0.927617126268 0.928111111111 0.928145090997 0.0165063378025 0.00481336064378 0.00373976775918 0.0032421887064 0.00324964385513 0.00324993963058
Knn ICA 100 0.437813925743 0.939254008782 0.924578224996 0.93185118258 0.932222222222 0.932249618667 0.00644150179254 0.00462824925666 0.00360492322686 0.00322689973119 0.00327141567121 0.00327111572114
Svc NULL 0 33.4197409391 0.6170445759 0.313310797332 0.239797376004 0.511680555556 0.510964427269 0.260813492608 0.100045423883 0.435728456218 0.284605540534 0.00931041539764 0.00732012031801
Svc PCA 1 3.10944373608 0.497134336314 0.00539808550155 0.0106422247238 0.498694444444 0.499855177399 0.0206282490353 0.10958588987 0.00340376377488 0.00659708063518 0.00385010421536 0.00136199129025
Svc PCA 2 3.23446557522 0.50263535682 0.104402861512 0.079657249213 0.500388888889 0.501333234531 0.0130278251745 0.124471593629 0.291615971579 0.196519892936 0.00630677912749 0.00434735597499
Svc PCA 3 3.41933159828 0.486542831283 0.0111961372936 0.0218195934533 0.498416666667 0.499568971783 0.0275059907125 0.0679036693514 0.00440696254261 0.00845708421625 0.00395343263881 0.00161566759765
Svc PCA 4 3.58242840767 0.521507523684 0.0120908377153 0.0235062178174 0.499930555556 0.50107661883 0.0283501757832 0.0910257990071 0.00813527352465 0.0153979756963 0.00336400816377 0.00318130025106
Svc PCA 5 3.86462218761 0.499284474739 0.204352617679 0.149848856257 0.501361111111 0.501872131297 0.0740184078367 0.0448134430848 0.38800131746 0.259206992237 0.00700303064906 0.00497466108576
Svc PCA 10 4.77280938625 0.605523937844 0.213375228197 0.163719431609 0.504625 0.504522600622 0.047435185467 0.0732881661454 0.388584331382 0.253678800385 0.00558189934598 0.0025423094369
Svc PCA 20 6.95309555531 0.609814526068 0.121527574385 0.111007901269 0.503736111111 0.504411242604 0.0727407122342 0.0948202222318 0.287735903552 0.186529221698 0.00685848183989 0.0040068807705
Svc PCA 40 10.7601068258 0.687624734029 0.026881509491 0.0514577425068 0.505569444444 0.50666573012 0.101614735701 0.108350616377 0.00901296671084 0.0163553926676 0.00595295665205 0.00390150043426
Svc PCA 60 14.0548670053 0.605797633081 0.027537464618 0.0524502945788 0.503583333333 0.504701827249 0.365194688702 0.141495311836 0.0103247576342 0.0190662884896 0.00640752114007 0.00549980272985
Svc PCA 80 17.0906385183 0.605206002705 0.22264800116 0.183479453737 0.507236111111 0.506804122394 0.125859067742 0.0872321033482 0.380413064552 0.245317634297 0.00693066688844 0.00403070864452
Svc PCA 100 19.6647588015 0.690346160392 0.0290959768447 0.0555227717908 0.506847222222 0.507977622423 0.125438555177 0.0417774603959 0.011025243586 0.0200330658844 0.00433593671797 0.00297784809388
Svc ICA 1 4.5342458725 0.501821994465 0.999916727741 0.668258326937 0.502458333333 0.501281107127 0.0197397997137 0.00353177078885 0.000127201138491 0.00313821076764 0.00355080520341 0.000310697841735
Svc ICA 2 4.63138442039 0.501382457071 0.999972214504 0.66788097521 0.501583333333 0.50040339472 0.0202069807634 0.00349525799889 8.33564879133e-05 0.0031047335604 0.00349337998272 0.000462762080746
Svc ICA 3 4.81854412556 0.501410242495 0.999972214504 0.667905666404 0.501638888889 0.50045898599 0.0359579084972 0.00348627445975 8.33564879133e-05 0.00309668009838 0.0034704439891 0.000393143052781
Svc ICA 4 4.96493616104 0.501479818295 0.999972214504 0.667967455904 0.501777777778 0.500597987348 0.0790567916597 0.00347118037654 8.33564879133e-05 0.00308302004263 0.00343973692649 0.000407719908069
Svc ICA 5 5.15385730267 0.501493766995 0.999972214504 0.667979819114 0.501805555556 0.500625885957 0.132854978603 0.00347391212088 8.33564879133e-05 0.00308544265831 0.0034426518633 0.0003635970825
Svc ICA 10 6.08465430737 0.501928925242 0.999944794707 0.668358243401 0.502666666667 0.50149302038 0.0914864696173 0.00376827681767 0.000110413614232 0.00333188559294 0.00407907941684 0.00117695621961
Svc ICA 20 7.9876199007 0.501410321827 0.999916950108 0.66789339682 0.501638888889 0.500459191108 0.0491181349676 0.00347774774774 0.000126861978415 0.00308408498684 0.00344813869991 0.000299108366755
Svc ICA 40 11.5866759062 0.501828932906 0.999668279411 0.668209276157 0.502472222222 0.501294473324 0.235223961056 0.00338319427831 0.000367074840833 0.00297261767988 0.00325474487442 0.000455252153833
Svc ICA 60 15.2384018183 0.501543901499 0.999612268635 0.667943473076 0.501902777778 0.50072582027 0.718783114761 0.00356711849903 0.000308931657864 0.00315899170734 0.00362393556105 0.000363203982492
Svc ICA 80 17.9647825003 0.501425213211 0.999750839221 0.667869102536 0.501666666667 0.500488820507 0.312872314283 0.00356585773409 0.000400670858378 0.0031569660025 0.00362337660542 0.000343874969714
Svc ICA 100 20.4263083696 0.501488282218 0.99980645555 0.667937213772 0.501791666667 0.500614902169 0.315467978482 0.00361434464698 0.000248884075487 0.00319319448846 0.0037124924658 0.000248241775027
Dtree NULL 0 1.20865571499 0.94055033869 0.925066130243 0.9327412421 0.933138888889 0.933154605238 0.0377423394508 0.00245724830444 0.00378134300848 0.00278001857428 0.00276748091543 0.00275593592921
Dtree PCA 1 0.291279363632 0.61364203401 0.540844131007 0.574928198982 0.599222222222 0.59934136586 0.012802576893 0.00550515686828 0.00713584069546 0.00561434861956 0.00422697101369 0.00418541362736
Dtree PCA 2 0.509737539291 0.771866241981 0.744417422697 0.757866501968 0.761611111111 0.761667152099 0.0151654916566 0.00753872899029 0.00568905720477 0.0048813082371 0.00474349782386 0.00476128999881
Dtree PCA 3 0.680066013336 0.823511482952 0.79507212048 0.809024123448 0.811888888889 0.811945723315 0.00532828863876 0.00486761861009 0.00878748124481 0.00615009000229 0.00594087379781 0.00587184371107
Dtree PCA 4 0.788268828392 0.872389244543 0.851930532072 0.86201897325 0.863319444444 0.86336263769 0.0120699107466 0.00419655547538 0.00690973465186 0.00406052604946 0.00398514312676 0.00394755812947
Dtree PCA 5 0.936096835136 0.891399979915 0.871574702436 0.881367238604 0.882402777778 0.88243848758 0.019585813591 0.00497094250279 0.0050596795411 0.00419473110645 0.00440128786568 0.00437455826609
Dtree PCA 10 1.77075698376 0.909227303302 0.892099231448 0.90057544525 0.901277777778 0.90130698964 0.0215238784747 0.00388156322665 0.00302412285958 0.00249988456345 0.00262555108854 0.00261753363048
Dtree PCA 20 3.53641571999 0.914748518655 0.899227748201 0.906916020851 0.907486111111 0.907516265027 0.0516669728783 0.00333820565868 0.00404725875825 0.00294086678503 0.00303747809015 0.00301886032679
Dtree PCA 40 7.0633055687 0.92364385487 0.910468240339 0.916998487239 0.917402777778 0.917432310009 0.127660418734 0.00519530324922 0.00431904670276 0.00364596270547 0.00349826345809 0.00351505663211
Dtree PCA 60 10.6671095848 0.927442803195 0.916236214648 0.921799041351 0.922083333333 0.92210318786 0.164170824746 0.0043176695178 0.00281994810206 0.00270555024688 0.00286528821294 0.00285841008565
Dtree PCA 80 13.8403896093 0.929979794066 0.916582866176 0.923212607047 0.923583333333 0.923616394987 0.277473517601 0.00455765822788 0.00585476409521 0.00302995707361 0.00310738864604 0.00307946276492
Dtree PCA 100 16.9772554159 0.933379151431 0.924050079642 0.928678118276 0.928861111111 0.928878645438 0.274047444884 0.00517732668019 0.00316130263507 0.00247923094535 0.00265332309695 0.0026486296507
Dtree ICA 1 0.103952550888 0.657480067121 0.184714815586 0.28732765052 0.543194444444 0.544130282948 0.00665981395439 0.0170298193534 0.0288757698481 0.0341963789006 0.0106541448493 0.00910523461896
Dtree ICA 2 0.171420145035 0.808270158959 0.188564973642 0.305193382944 0.570833333333 0.571690126087 0.00719382054186 0.0139376559183 0.0202216912521 0.0256948287525 0.00619544087651 0.00705903369671
Dtree ICA 3 0.416368436813 0.754697220538 0.408373272983 0.529048670823 0.636541666667 0.637086260673 0.0289012153497 0.0138587926273 0.0295742540572 0.0195989440354 0.00519357167356 0.00489109963297
Dtree ICA 4 0.478221869469 0.881866852009 0.74599724932 0.808221511205 0.822583333333 0.822790609237 0.0168506047469 0.00655834233007 0.00866655168358 0.00563527905409 0.00510355721985 0.00490609591264
Dtree ICA 5 0.6569617033 0.900228853105 0.762233645433 0.825471813503 0.838486111111 0.838682821794 0.0188403976319 0.00300401572243 0.0100631438482 0.00643456424775 0.00563603170636 0.00535612699792
Dtree ICA 10 1.06701719761 0.917368642335 0.895616216128 0.906354211726 0.90725 0.907285409637 0.0172810131567 0.00387298081829 0.00440425499251 0.00320492403885 0.00313088951191 0.00312948915676
Dtree ICA 20 1.86667709351 0.925528688051 0.904953937437 0.915114907206 0.915861111111 0.915893101374 0.0563076084094 0.00386772206491 0.0034174291249 0.00185242137313 0.00186835241342 0.00186693632117
Dtree ICA 40 3.52298588753 0.929630347762 0.9106225548 0.920015409718 0.920638888889 0.920672431739 0.102024190621 0.00445768784462 0.00545560145618 0.00363814710052 0.00379967103839 0.00376157679571
Dtree ICA 60 5.29545075893 0.934356721752 0.915175545497 0.92465889127 0.92525 0.925269421936 0.0782790094213 0.00512127841175 0.00448327204714 0.00397830471461 0.00408899833791 0.0040690595725
Dtree ICA 80 6.61447439194 0.935675031454 0.919975925287 0.927748785765 0.928180555556 0.928204455378 0.0791300885387 0.00502220093736 0.00377411836232 0.00317769424754 0.00329986087436 0.00328936797403
Dtree ICA 100 8.78228423595 0.939083538565 0.923078440609 0.931004075164 0.931430555556 0.931458193956 0.25087809172 0.00467545131656 0.00360302169322 0.00312556018184 0.00312672791735 0.00312316002958
