Dtree.trainX.npy.pickle testX.npy 0.0217599868774 0.941142857143 0.923724060572 0.932352108689 0.933611111111 0.933518607061
Dtree.PCA.10.npy.pickle PCA.10-test.npy 0.00439310073853 0.913282233154 0.895457094784 0.904281830539 0.906111111111 0.906011431267
Dtree.PCA.100.npy.pickle PCA.100-test.npy 0.00921010971069 0.932922655715 0.91733034212 0.925060799729 0.926388888889 0.926304136387
Dtree.ICA.10.npy.pickle ICA.10-test.npy 0.00391411781311 0.91981672394 0.900729108245 0.9101728535 0.911944444444 0.911839512845
Dtree.ICA.100.npy.pickle ICA.100-test.npy 0.0100240707397 0.942367422064 0.918900729108 0.930486142662 0.932 0.931877442155
Rforest.trainX.npy.pickle testX.npy 1.23586297035 0.958893006021 0.928883903533 0.943649934477 0.945055555556 0.944904252262
Rforest.PCA.10.npy.pickle PCA.10-test.npy 0.551021099091 0.934320074006 0.906337633202 0.920116153277 0.922055555556 0.921908497394
Rforest.PCA.100.npy.pickle PCA.100-test.npy 0.54812502861 0.949948222299 0.926079641054 0.937862092468 0.939222222222 0.939099259162
Rforest.ICA.10.npy.pickle ICA.10-test.npy 0.51426410675 0.952886450382 0.896130117779 0.923637204463 0.926611111111 0.926325928455
Rforest.ICA.100.npy.pickle ICA.100-test.npy 0.545490026474 0.970308931362 0.905440269209 0.936752930254 0.939444444444 0.939126298611
Nbayes.trainX.npy.pickle testX.npy 0.0787370204926 0.981515711645 0.0595625350533 0.11230964467 0.533666666667 0.529230909794
Nbayes.PCA.10.npy.pickle PCA.10-test.npy 0.00597810745239 0.982113821138 0.0677509814919 0.126757607555 0.537666666667 0.53327009724
Nbayes.PCA.100.npy.pickle PCA.100-test.npy 0.0331938266754 0.984555984556 0.0858104318564 0.157862154354 0.546555555556 0.542244786649
Nbayes.ICA.10.npy.pickle ICA.10-test.npy 0.00888204574585 0.988636363636 0.204935501963 0.33949642293 0.605055555556 0.601311999743
Nbayes.ICA.100.npy.pickle ICA.100-test.npy 0.0300397872925 0.987798926306 0.681099270892 0.806267427964 0.837888888889 0.836421952452
Knn.trainX.npy.pickle testX.npy 2.86507296562 0.880685652585 0.731912507011 0.799436412644 0.818111111111 0.81730462995
Knn.PCA.10.npy.pickle PCA.10-test.npy 0.347000837326 0.753998290807 0.692765002804 0.722085817842 0.735888888889 0.735485418298
Knn.PCA.100.npy.pickle PCA.100-test.npy 1.84587311745 0.851098352471 0.764890633763 0.805695043422 0.817277777778 0.816787639391
Knn.ICA.10.npy.pickle ICA.10-test.npy 0.76940202713 0.914724209555 0.889175546831 0.901768955122 0.904055555556 0.903916336982
Knn.ICA.100.npy.pickle ICA.100-test.npy 24.0179941654 0.943142660234 0.921031968592 0.931956188639 0.933388888889 0.933273276536
Svc.trainX.npy.pickle testX.npy 11.747699976 0.655555555556 0.0132361189007 0.0259483232545 0.507833333333 0.503205841509
Svc.PCA.10.npy.pickle PCA.10-test.npy 3.42064404488 0.570776255708 0.0140213123948 0.0273702649442 0.506444444444 0.501837293512
Svc.PCA.100.npy.pickle PCA.100-test.npy 7.17023396492 0.641456582633 0.0256870443073 0.0493960310613 0.510333333333 0.505798943177
Svc.ICA.10.npy.pickle ICA.10-test.npy 3.97370100021 0.495690853489 1.0 0.66282527881 0.496111111111 0.500825536599
Svc.ICA.100.npy.pickle ICA.100-test.npy 7.73299384117 0.495470460735 1.0 0.662628214657 0.495666666667 0.500385250413
